#Counterrotaton_binning_version_1
2106
	0	0	0	0	0	0	0	0	0	0
	0	0	0	1515	1515	1508	0	0	0	0
	0	0	0	0	0	1517	1517	1517	1511	1522
	1522	1522	1526	1526	1526	1523	1527	1527	0	0
	0	0	1528	1528	1528	1525	1525	1519	1519	1518
	1518	1518	1515	1515	1508	1508	0	0	0	0
	0	0	1504	1504	1517	1517	1517	1511	1511	1522
	1522	1526	1526	1523	1523	1527	1527	0	0	0
	1528	1528	1528	1525	1525	1525	1519	1519	1513	1513
	1518	1515	1515	1490	1508	1483	0	0	0	0
	1504	1504	1498	1498	1501	1501	1511	1511	1510	1510
	1510	1523	1523	1523	1527	1527	0	0	0	1528
	1528	1528	1525	1525	1525	1519	1519	1513	1513	1499
	1499	1490	1490	1483	1483	1483	1480	1480	1480	1481
	1481	1498	1498	1501	1501	1494	1494	1494	1510	1510
	1512	1512	1512	1514	1514	0	0	0	1520	1521
	1521	1516	1516	1506	1506	1500	1500	1493	1488	1499
	1477	1472	1472	1483	1460	1460	1480	1457	1458	1481
	1462	1466	1469	1473	1476	1494	1485	1485	1496	1496
	1512	1502	1514	1514	0	0	1524	1520	1520	1521
	1516	1516	1503	1506	1492	1500	1493	1488	1477	1477
	1472	1472	1448	1443	1460	1457	1457	1458	1458	1462
	1466	1469	1473	1476	1476	1485	1475	1496	1487	1502
	1502	1514	1514	0	1524	1524	1520	1520	1509	1509
	1503	1503	1484	1492	1478	1478	1468	1468	1454	1454
	1448	1448	1443	1443	1441	1441	1424	1442	1442	1445
	1445	1450	1450	1461	1461	1475	1475	1487	1487	1502
	1495	1495	0	1524	1524	1507	1507	1509	1497	1486
	1479	1484	1471	1471	1444	1432	1432	1426	1419	1413
	1408	1404	1401	1398	1395	1424	1399	1402	1405	1410
	1415	1421	1427	1434	1440	1446	1453	1463	1463	1495
	1495	0	1505	1505	1507	1507	1497	1497	1486	1479
	1451	1449	1449	1444	1420	1432	1426	1419	1413	1408
	1404	1401	1398	1395	1367	1399	1402	1405	1410	1415
	1421	1427	1434	1440	1446	1453	1463	1455	1455	1459
	0	1505	1505	1491	1491	1482	1482	1456	1447	1451
	1436	1436	1406	1420	1384	1379	1361	1383	1383	1375
	1375	1366	1366	1367	1322	1325	1336	1347	1355	1364
	1382	1385	1397	1411	1422	1431	1455	1455	1459	0
	1505	1489	1489	1491	1470	1470	1456	1447	1423	1417
	1417	1406	1368	1384	1379	1361	1354	1345	1334	1324
	1321	1319	1320	1322	1325	1336	1347	1355	1364	1382
	1385	1397	1411	1422	1431	1435	1435	1459	0	1489
	1489	1489	1465	1452	1452	1428	1416	1423	1394	1394
	1349	1368	1353	1335	1315	1304	1287	1277	1270	1264
	1258	1259	1265	1271	1278	1289	1306	1318	1338	1338
	1326	1352	1376	1387	1403	1435	1414	0	1467	1464
	1464	1465	1439	1439	1428	1416	1381	1370	1370	1349
	1323	1305	1280	1261	1238	1224	1212	1205	1198	1195
	1194	1197	1203	1211	1222	1237	1262	1282	1309	1326
	1352	1376	1387	1403	1403	1414	0	1467	1467	1464
	1437	1437	1412	1412	1372	1381	1356	1327	1302	1273
	1244	1219	1201	390	426	461	498	534	570	607
	644	1167	1170	1178	1184	1199	1218	1243	1275	1307
	1328	1358	1358	1378	1414	0	1467	1467	1438	1425
	1407	1407	1363	1372	1346	1312	1279	1246	1215	285
	320	354	391	427	462	499	535	571	608	645
	681	717	753	789	825	1174	1190	1214	1245	1281
	1314	1308	1378	1374	0	1467	1438	1438	1425	1386
	1386	1363	1337	1301	1266	1225	215	250	286	321
	355	392	428	463	500	536	572	609	646	682
	718	754	790	826	861	896	931	1192	1223	1267
	1308	1299	1374	0	1418	1418	1409	1409	1362	1362
	1329	1293	1252	148	181	216	251	287	322	356
	393	429	464	501	537	573	610	647	683	719
	755	791	827	862	897	932	966	1000	1210	1202
	1299	1294	0	1418	1418	1389	1389	1365	1332	1291
	1247	1207	149	182	217	252	288	323	357	394
	430	465	502	538	574	611	648	684	720	756
	792	828	863	898	933	967	1001	1034	1202	1200
	1294	0	1418	1418	1377	1377	1342	1295	1248	1204
	118	150	183	218	253	289	324	358	395	431
	466	503	539	575	612	649	685	721	757	793
	829	864	899	934	968	1002	1035	1172	1200	1206
	0	1388	1388	1350	1350	1310	1255	63	90	119
	151	184	219	254	290	325	359	396	432	467
	504	540	576	613	650	686	722	758	794	830
	865	900	935	969	1003	1036	1066	1173	1206	0
	1388	1388	1340	1317	1272	1217	64	91	120	152
	185	220	255	1140	1138	360	397	433	468	505
	541	577	614	651	687	723	759	795	831	866
	901	936	970	1004	1037	1067	1158	1177	0	1388
	1340	1340	1288	1230	39	65	92	121	153	186
	221	256	291	1137	361	398	434	469	506	542
	578	615	652	688	724	760	796	832	867	902
	937	971	1005	1038	1068	1151	1164	0	1360	1311
	1311	1256	18	40	66	93	122	154	187	222
	257	292	326	362	399	435	470	507	543	579
	616	653	689	725	761	797	833	868	903	938
	972	1006	1039	1069	1096	1153	0	1360	1284	1284
	1227	19	41	67	94	123	155	188	223	258
	293	327	363	400	436	471	508	544	580	617
	654	690	726	762	798	834	869	904	939	973
	1007	1040	1070	1097	1147	0	1360	1260	1260	1
	20	42	68	95	124	156	189	224	259	294
	328	364	401	437	472	509	545	581	618	655
	691	727	763	799	835	870	905	940	974	1008
	1041	1071	1098	1118	0	1263	1232	1232	2	21
	43	69	96	125	157	190	225	260	295	329
	365	402	438	473	510	546	582	619	656	692
	728	764	800	836	871	906	941	975	1009	1042
	1072	1099	1119	0	1263	1216	1216	3	22	44
	70	97	126	158	191	226	261	296	330	366
	403	439	474	511	547	583	620	657	693	729
	765	801	837	872	907	942	976	1010	1043	1073
	1100	1120	0	1263	1189	1189	4	23	45	71
	98	127	159	192	227	262	297	331	367	404
	440	475	512	548	584	621	658	694	730	766
	802	838	873	908	943	977	1011	1044	1074	1101
	1121	0	1231	1189	1189	5	24	46	72	99
	128	160	193	228	263	298	332	368	405	441
	476	513	549	585	622	659	695	731	767	803
	839	874	909	944	978	1012	1045	1075	1102	1122
	0	1231	1231	1179	6	25	47	73	100	129
	161	194	229	264	299	333	369	406	442	477
	514	550	586	623	660	696	732	768	804	840
	875	910	945	979	1013	1046	1076	1103	1123	0
	1220	1179	1179	7	26	48	74	101	130	162
	195	230	265	300	334	370	407	443	478	515
	551	587	624	661	697	733	769	805	841	876
	911	946	980	1014	1047	1077	1104	1124	0	1220
	1220	1175	8	27	49	75	102	131	163	196
	231	266	301	335	371	408	444	479	516	552
	588	625	662	698	734	770	806	842	877	912
	947	981	1015	1048	1078	1105	1125	0	1220	1175
	1175	9	28	50	76	103	132	164	197	232
	267	302	336	372	409	445	480	517	553	589
	626	663	699	735	771	807	843	878	913	948
	982	1016	1049	1079	1106	1126	0	1226	1176	1176
	10	29	51	77	104	133	165	198	233	268
	303	337	373	410	446	481	518	554	590	627
	664	700	736	772	808	844	879	914	949	983
	1017	1050	1080	1107	1127	0	1226	1226	1176	11
	30	52	78	105	134	166	199	234	269	304
	338	374	411	447	482	519	555	591	628	665
	701	737	773	809	845	880	915	950	984	1018
	1051	1081	1108	1128	0	1226	1183	1183	12	31
	53	79	106	135	167	200	235	270	305	339
	375	412	448	483	520	556	592	629	666	702
	738	774	810	846	881	916	951	985	1019	1052
	1082	1109	1129	0	1242	1183	1183	13	32	54
	80	107	136	168	201	236	271	306	340	376
	413	449	484	521	557	593	630	667	703	739
	775	811	847	882	917	952	986	1020	1053	1083
	1110	1130	0	1242	1196	1196	14	33	55	81
	108	137	169	202	237	272	307	341	377	414
	450	485	522	558	594	631	668	704	740	776
	812	848	883	918	953	987	1021	1054	1084	1111
	1131	1143	1242	1196	1196	15	34	56	82	109
	138	170	203	238	273	308	342	378	415	451
	486	523	559	595	632	669	705	741	777	813
	849	884	919	954	988	1022	1055	1085	1112	1132
	1143	1229	1229	1229	16	35	57	83	110	139
	171	204	239	274	309	343	379	416	452	487
	524	560	596	633	670	706	742	778	814	850
	885	920	955	989	1023	1056	1086	1113	1133	1146
	0	1229	1229	17	36	58	84	111	140	172
	205	240	275	310	344	380	417	453	488	525
	561	597	634	671	707	743	779	815	851	886
	921	956	990	1024	1057	1087	1114	1134	1146	0
	1283	1283	1221	37	59	85	112	141	173	206
	241	276	311	345	381	418	454	489	526	562
	598	635	672	708	744	780	816	852	887	922
	957	991	1025	1058	1088	1115	1135	1154	0	1283
	1283	1251	38	60	86	113	142	174	207	242
	277	312	346	382	419	455	490	527	563	599
	636	673	709	745	781	817	853	888	923	958
	992	1026	1059	1089	1116	1136	1154	0	1359	1285
	1285	1228	61	87	114	143	175	208	243	278
	313	347	383	420	456	491	528	564	600	637
	674	710	746	782	818	854	889	924	959	993
	1027	1060	1090	1117	1159	1181	0	1359	1359	1316
	1268	62	88	115	144	176	209	244	279	314
	348	384	421	457	492	529	565	601	638	675
	711	747	783	819	855	890	925	960	994	1028
	1061	1091	1155	1171	1209	0	1359	1351	1351	1303
	1249	89	116	145	177	210	245	280	315	349
	385	422	458	493	530	566	602	639	676	712
	748	784	820	856	891	926	961	995	1029	1062
	1092	1168	1193	1250	0	1359	1380	1380	1344	1292
	1240	117	146	178	211	246	281	316	350	386
	1141	1139	494	531	567	603	640	677	713	749
	785	821	857	892	927	962	996	1030	1063	1093
	1191	1239	1250	0	1393	1393	1393	1373	1333	1286
	1236	147	179	212	247	282	317	351	387	423
	1142	495	532	568	604	641	678	714	750	786
	822	858	893	928	963	997	1031	1064	1094	1235
	1239	1343	0	1393	1393	1391	1391	1369	1331	1290
	1241	180	213	248	283	318	352	388	424	459
	496	533	569	605	642	679	715	751	787	823
	859	894	929	964	998	1032	1065	1095	1235	1341
	1343	0	1430	1430	1430	1390	1390	1371	1339	1296
	1253	214	249	284	319	353	389	425	460	497
	1145	1144	606	643	680	716	752	788	824	860
	895	930	965	999	1033	1254	1300	1300	1341	1341
	0	1430	1430	1429	1429	1392	1392	1348	1348	1274
	1274	1208	1208	1169	1169	1157	1157	1152	1152	1145
	1144	1148	1148	1149	1149	1150	1150	1156	1163	1163
	1182	1182	1234	1234	1313	1313	0	0	0	0
	1474	1474	1429	1433	1392	1396	1396	1357	1357	1274
	1208	1208	1169	0	0	1180	1166	1166	1162	1162
	1160	1160	1161	1161	1165	1165	1156	1188	1188	1182
	1269	1234	1234	1313	1313	0	0	0	0	1474
	1474	1433	1433	1433	1396	1396	1357	1357	1297	1297
	1233	1233	0	0	1180	1180	1166	1187	1187	1185
	1185	1186	1186	1165	1213	1213	1188	1276	1269	1269
	1269	1330	1330	1313	0	0	0	0	1474	1474
	1433	1433	1433	1396	1396	1400	1400	1400	1297	1233
	1233	1298	1298	1298	0	0	1187	1187	1185	1185
	1186	1257	1257	1213	1213	1276	1276	1276	1269	1269
	1330	1330	1330	0	0	0
