#Counterrotaton_binning_version_1
2754
	0	0	0	0	0	0	0	0	0	0
	0	0	0	0	0	707	0	0	0	0
	0	0	0	0	0	0	0	0	0	0
	0	0	0	0	0	0	0	0	0	0
	0	0	0	0	0	0	0	0	0	0
	0	0	0	0	0	0	0	0	0	0
	0	0	0	0	0	0	0	707	0	707
	707	707	0	0	0	0	0	0	0	0
	0	0	0	0	0	0	0	0	0	0
	0	0	0	0	0	0	0	0	0	0
	0	0	0	0	0	0	0	0	0	0
	0	0	0	0	0	0	0	0	0	0
	0	0	707	707	707	707	399	399	399	0
	0	0	0	0	0	0	0	0	0	0
	0	0	0	0	0	0	0	0	0	0
	0	0	0	0	0	0	0	0	0	0
	0	0	0	0	0	0	0	0	0	0
	0	0	0	0	0	400	400	707	707	707
	380	399	399	399	0	0	0	0	0	0
	0	0	0	0	0	0	0	0	0	0
	0	0	0	0	0	0	0	0	0	0
	0	0	0	0	0	0	0	0	0	0
	0	0	0	0	0	0	0	0	400	400
	400	400	372	372	380	380	399	367	367	373
	0	0	0	0	0	0	0	0	0	0
	0	0	0	0	0	0	0	0	0	0
	0	0	0	0	0	0	0	0	0	0
	0	0	0	0	0	0	0	0	0	0
	0	0	400	400	400	372	372	372	380	380
	367	367	367	373	373	373	366	0	0	0
	0	0	0	0	0	0	0	0	0	0
	0	0	0	0	0	0	0	0	0	0
	0	0	0	0	0	0	0	0	0	0
	0	0	0	0	0	365	363	363	364	364
	372	355	355	355	367	367	367	373	373	373
	366	366	366	0	0	0	0	0	0	0
	0	0	0	0	0	0	0	0	0	0
	0	0	0	0	0	0	0	0	0	0
	0	0	0	0	0	0	0	0	0	365
	363	363	364	364	348	348	355	343	342	342
	344	344	352	352	366	366	366	369	386	386
	0	0	0	0	0	0	0	0	0	0
	0	0	0	0	0	0	0	0	0	0
	0	0	0	0	0	0	0	0	0	0
	0	0	365	365	363	363	345	345	348	348
	343	343	342	342	344	344	352	352	337	366
	369	369	386	386	386	403	0	0	0	0
	0	0	0	0	0	0	0	0	0	0
	0	0	0	0	0	0	0	0	0	0
	0	0	0	0	0	0	353	347	347	339
	339	345	321	321	318	318	313	313	314	314
	330	330	337	337	369	369	386	386	403	403
	403	403	522	522	0	0	0	0	0	0
	0	0	0	0	0	0	0	0	0	0
	0	0	0	0	0	0	0	0	0	353
	353	353	347	339	339	319	307	321	318	303
	313	300	314	314	308	330	337	320	340	340
	371	371	379	403	403	419	522	522	522	537
	0	0	0	0	0	0	0	0	0	0
	0	0	0	0	0	0	0	0	0	0
	0	0	0	353	353	335	335	315	319	319
	307	307	303	303	300	300	301	301	308	308
	320	320	340	329	371	379	379	384	419	419
	522	522	537	537	537	651	651	0	0	0
	0	0	0	0	0	0	0	0	0	0
	0	0	0	0	0	0	0	336	336	335
	335	315	315	295	294	294	286	286	282	282
	283	283	290	290	306	306	329	329	341	368
	384	384	389	419	420	496	537	537	537	651
	651	651	0	0	0	0	0	0	0	0
	0	0	0	0	0	0	0	0	0	0
	0	336	336	336	302	302	295	295	280	280
	267	267	263	263	265	265	272	272	285	285
	310	310	341	368	368	389	389	420	420	496
	496	537	547	651	651	673	673	673	0	0
	0	0	0	0	0	0	0	0	0	0
	0	0	0	0	346	346	316	316	291	302
	281	262	255	248	242	239	237	234	235	238
	240	245	257	264	275	299	312	338	370	382
	382	393	420	496	496	547	547	649	649	673
	673	673	689	689	689	0	0	0	0	0
	0	0	0	0	0	0	0	0	346	346
	305	316	291	291	281	262	255	248	242	239
	237	234	235	238	240	245	257	264	275	299
	312	338	370	382	393	393	425	425	465	547
	547	649	649	673	673	673	689	689	689	698
	698	0	0	0	0	0	0	0	0	0
	0	350	350	317	305	305	287	261	261	243
	243	226	226	217	217	214	214	215	215	223
	223	253	253	276	276	331	331	378	378	402
	425	465	465	500	561	561	650	650	674	674
	689	689	698	698	704	704	704	704	0	0
	0	0	0	0	0	350	350	317	317	287
	287	252	252	233	233	216	216	194	194	187
	187	186	186	189	189	224	224	266	266	311
	311	377	377	402	402	458	500	500	561	561
	650	650	674	674	674	698	698	698	704	704
	704	0	0	0	0	0	0	0	357	357
	324	304	304	288	254	254	236	221	208	208
	184	182	182	166	166	163	162	165	168	188
	222	256	256	309	309	374	374	401	421	458
	458	535	535	606	606	606	655	655	687	687
	698	698	704	704	704	0	0	0	0	0
	0	0	357	357	324	324	304	288	247	247
	236	221	195	195	184	171	161	143	131	127
	128	132	138	145	170	225	260	260	333	333
	388	401	421	457	457	535	548	548	606	606
	655	655	687	687	687	697	704	704	0	0
	0	0	0	0	0	356	356	356	322	322
	284	284	241	241	213	213	185	185	167	157
	125	98	92	91	96	99	113	129	140	169
	258	274	274	375	388	404	404	459	459	534
	548	569	569	632	632	660	660	687	697	697
	697	697	0	0	0	0	0	0	0	0
	356	356	322	297	297	251	251	220	220	190
	190	173	159	102	88	82	75	73	81	86
	94	108	122	141	206	271	332	375	391	391
	427	461	461	534	534	569	569	632	632	660
	660	682	697	697	697	0	0	0	0	0
	0	0	0	486	486	349	349	323	296	278
	231	231	198	198	183	164	126	84	70	66
	54	48	46	52	83	93	109	130	146	269
	332	381	381	407	427	466	466	536	549	549
	620	620	658	658	658	682	682	697	697	0
	0	0	0	0	0	0	0	486	486	349
	351	323	296	278	228	228	209	196	177	158
	87	71	64	50	43	40	39	41	45	85
	100	119	139	268	334	385	385	407	437	469
	469	536	536	549	620	620	658	658	658	682
	682	682	0	0	0	0	0	0	0	0
	594	594	486	351	351	326	298	279	227	227
	209	192	174	150	79	67	53	42	22	19
	20	29	35	44	95	112	135	270	376	390
	405	405	437	483	483	540	540	560	560	647
	647	671	671	688	688	688	688	0	0	0
	0	0	0	0	594	594	516	360	360	326
	298	279	229	229	210	193	172	147	74	62
	49	21	14	8	7	9	30	37	89	110
	133	273	383	394	394	434	462	495	495	540
	540	560	605	647	647	671	671	688	688	688
	0	0	0	0	0	0	0	594	594	516
	516	360	361	354	325	292	232	232	210	197
	175	149	72	61	47	17	10	5	3	4
	27	33	90	111	134	277	392	406	426	434
	462	502	502	546	546	605	605	605	652	672
	672	672	688	688	0	0	0	0	0	0
	0	702	626	589	589	361	361	354	325	292
	244	244	218	200	181	156	76	63	51	18
	13	6	2	1	28	34	97	115	137	387
	398	418	426	463	492	519	519	546	570	570
	615	652	652	652	672	685	685	0	0	0
	0	0	0	0	702	702	626	626	589	488
	488	439	359	327	250	250	218	204	191	160
	80	68	56	23	15	12	11	16	31	38
	104	121	144	396	414	432	456	463	492	527
	527	562	570	615	615	641	663	663	685	685
	685	0	0	0	0	0	0	0	702	702
	626	599	599	488	439	439	359	327	289	289
	246	219	201	179	153	77	65	55	26	24
	25	32	36	101	117	136	395	412	429	452
	456	497	520	539	539	562	603	603	641	641
	663	663	685	685	0	0	0	0	0	0
	0	706	706	706	694	599	599	593	510	510
	479	438	328	328	246	219	211	199	176	124
	78	69	59	57	58	60	103	116	123	397
	416	431	449	467	467	497	520	544	544	584
	603	619	648	648	669	669	669	685	0	0
	0	0	0	0	0	0	706	706	694	694
	593	593	510	479	479	438	362	362	358	293
	249	212	202	178	154	118	106	105	107	114
	120	142	408	423	435	453	470	491	491	528
	542	558	558	584	619	619	643	648	667	669
	669	0	0	0	0	0	0	0	0	706
	706	696	696	694	623	623	576	576	508	508
	450	450	358	293	249	259	230	205	203	180
	155	151	148	152	207	422	433	443	460	472
	493	512	512	528	542	565	565	610	610	643
	643	667	667	667	0	0	0	0	0	0
	0	0	0	709	709	696	696	696	623	623
	576	591	508	532	487	487	473	448	430	430
	417	413	410	409	411	415	424	428	436	445
	455	468	484	498	493	526	541	550	564	585
	585	610	637	637	661	661	667	679	679	0
	0	0	0	0	0	0	709	709	709	696
	696	642	642	642	591	591	532	532	515	515
	473	448	477	451	451	446	442	440	441	444
	447	454	464	471	482	494	506	518	518	526
	541	550	564	604	604	633	633	637	661	661
	676	679	679	0	0	0	0	0	0	0
	709	709	709	701	701	701	642	634	634	600
	600	590	554	554	529	514	477	490	481	481
	478	475	474	476	480	485	489	499	509	517
	523	538	545	559	566	583	602	614	614	633
	654	662	662	676	676	676	0	0	0	0
	0	0	0	0	0	0	709	701	701	701
	634	634	634	600	590	590	579	579	529	514
	531	490	513	505	505	503	501	504	507	511
	511	521	521	517	523	538	545	559	566	583
	602	614	640	640	654	654	662	683	676	676
	0	0	0	0	0	0	0	0	0	0
	0	0	0	0	634	634	634	624	624	624
	579	595	573	573	531	552	513	530	530	524
	524	525	525	533	533	543	543	555	555	568
	568	598	598	616	616	638	638	640	668	668
	683	683	683	0	0	0	0	0	0	0
	0	0	0	0	0	0	0	0	0	0
	624	624	624	624	595	595	595	587	587	552
	567	557	557	553	553	551	551	556	556	563
	563	571	571	592	592	609	609	616	639	638
	657	666	668	668	681	683	683	0	0	0
	0	0	0	0	0	0	0	0	0	0
	0	0	0	0	0	0	0	624	622	622
	622	587	596	596	567	586	581	578	575	572
	574	577	580	582	588	597	601	608	617	625
	625	639	639	657	657	666	666	681	681	681
	0	0	0	0	0	0	0	0	0	0
	0	0	0	0	0	0	0	0	0	0
	0	0	622	622	622	627	596	596	586	586
	581	578	575	572	574	577	580	582	588	597
	601	608	617	625	644	644	659	659	675	680
	680	690	690	0	0	0	0	0	0	0
	0	0	0	0	0	0	0	0	0	0
	0	0	0	0	0	0	0	0	627	627
	627	607	607	618	618	612	612	611	611	613
	613	621	621	628	628	636	636	653	644	664
	659	675	675	680	680	690	690	0	0	0
	0	0	0	0	0	0	0	0	0	0
	0	0	0	0	0	0	0	0	0	0
	0	0	0	0	0	607	607	618	618	612
	612	611	611	613	631	631	635	628	645	636
	656	653	653	664	664	686	675	693	693	690
	690	0	0	0	0	0	0	0	0	0
	0	0	0	0	0	0	0	0	0	0
	0	0	0	0	0	0	0	0	0	0
	0	618	618	630	630	630	629	629	631	631
	635	635	645	645	656	656	678	684	684	686
	686	693	693	703	703	0	0	0	0	0
	0	0	0	0	0	0	0	0	0	0
	0	0	0	0	0	0	0	0	0	0
	0	0	0	0	0	0	0	0	630	630
	629	646	646	665	665	670	670	677	677	678
	678	684	684	686	686	693	703	703	703	0
	0	0	0	0	0	0	0	0	0	0
	0	0	0	0	0	0	0	0	0	0
	0	0	0	0	0	0	0	0	0	0
	0	0	0	0	646	646	646	665	665	670
	670	677	677	691	678	695	695	699	699	699
	703	703	0	0	0	0	0	0	0	0
	0	0	0	0	0	0	0	0	0	0
	0	0	0	0	0	0	0	0	0	0
	0	0	0	0	0	0	0	0	0	0
	0	0	665	670	692	692	691	691	691	695
	695	699	699	708	703	703	0	0	0	0
	0	0	0	0	0	0	0	0	0	0
	0	0	0	0	0	0	0	0	0	0
	0	0	0	0	0	0	0	0	0	0
	0	0	0	0	0	0	0	0	692	692
	692	691	700	700	705	705	708	708	708	0
	0	0	0	0	0	0	0	0	0	0
	0	0	0	0	0	0	0	0	0	0
	0	0	0	0	0	0	0	0	0	0
	0	0	0	0	0	0	0	0	0	0
	0	0	0	0	0	700	700	700	705	705
	708	708	0	0	0	0	0	0	0	0
	0	0	0	0	0	0	0	0	0	0
	0	0	0	0	0	0	0	0	0	0
	0	0	0	0	0	0	0	0	0	0
	0	0	0	0	0	0	0	0	0	0
	700	700	705	705	705	0	0	0	0	0
	0	0	0	0	0	0	0	0	0	0
	0	0	0	0	0	0	0	0	0	0
	0	0	0	0	0	0	0	0	0	0
	0	0	0	0	0	0	0	0	0	0
	0	0	0	0	0	0	705	705	0	0
	0	0	0	0	0	0	0	0	0	0
	0	0	0	0
