#Counterrotaton_binning_version_1
3648
	0	0	0	0	0	0	0	0	0	0
	0	0	0	0	0	0	0	0	0	0
	0	0	0	0	0	0	0	0	0	0
	0	0	0	0	0	0	0	0	2592	2592
	2623	2623	2623	2644	2644	2663	2663	2663	2670	2670
	0	0	0	0	0	0	0	0	0	0
	0	0	0	0	0	0	0	0	0	0
	0	2621	2630	2630	2580	2559	2551	2538	2520	2506
	2504	2491	2479	2473	2470	2471	2474	2480	2480	2555
	2555	2521	2521	2493	2508	2592	2592	2592	2623	2623
	2644	2644	2663	2663	2657	2670	2670	2670	2670	0
	0	0	0	0	0	0	0	0	0	0
	0	0	2655	2655	2636	2636	2619	2605	2621	2591
	2591	2580	2559	2551	2538	2520	2506	2504	2491	2479
	2473	2470	2471	2474	2480	2421	2436	2450	2521	2468
	2493	2508	2533	2592	2569	2606	2606	2644	2638	2638
	2657	2657	2670	2670	2670	2667	0	0	0	0
	0	2681	2681	2681	2681	2676	2676	2662	2662	2655
	2655	2627	2636	2619	2605	2584	2567	369	419	470
	522	575	629	684	740	797	854	911	2408	2409
	2410	2416	2421	2436	2450	2387	2468	2493	2508	2533
	2496	2569	2545	2606	2587	2638	2638	2657	2650	2650
	2667	2667	2667	0	0	0	0	0	2677	2681
	2681	2681	2676	2676	2662	2662	2634	2614	2627	2610
	2585	2565	2543	2514	370	420	471	523	576	630
	685	741	798	855	912	969	1026	2342	2345	2352
	2359	2365	2387	2340	2357	2371	2404	2496	2460	2545
	2515	2587	2573	2573	2615	2650	2650	2667	2667	2667
	0	0	0	0	0	2677	2677	2681	2673	2673
	2659	2659	2631	2634	2614	2594	2571	2547	2512	2487
	322	371	421	472	524	577	631	686	742	799
	856	913	970	1027	1083	2287	2295	2305	2316	2323
	2340	2357	2371	2404	2363	2460	2431	2515	2497	2573
	2556	2615	2615	2632	2632	2667	2641	0	0	0
	0	0	2677	2677	2672	2672	2654	2654	2624	2631
	2609	2581	2554	2525	2495	2459	2425	323	372	422
	473	525	578	632	687	743	800	857	914	971
	1028	1084	1139	1194	2245	2260	2274	2284	2304	2304
	2286	2363	2333	2431	2398	2497	2469	2556	2556	2577
	2632	2632	2641	2641	0	0	0	0	0	2668
	2664	2664	2652	2652	2620	2624	2603	2575	2544	2507
	2467	2442	2397	278	324	373	423	474	526	579
	633	688	744	801	858	915	972	1029	1085	1140
	1195	1249	2198	2218	2234	2246	2268	2286	2262	2333
	2315	2398	2368	2469	2457	2502	2577	2577	2599	2599
	2641	0	0	0	0	0	2668	2668	2664	2640
	2640	2620	2597	2566	2536	2500	2455	2417	2367	236
	279	325	374	424	475	527	580	634	689	745
	802	859	916	973	1030	1086	1141	1196	1250	1303
	2150	2167	2185	2216	2240	2262	2238	2315	2290	2368
	2356	2457	2502	2486	2486	2599	2562	2641	0	0
	0	0	0	2668	2653	2653	2618	2618	2593	2561
	2526	2483	2449	2396	2355	196	237	280	326	375
	425	476	528	581	635	690	746	803	860	917
	974	1031	1087	1142	1197	1251	1304	1356	2092	2118
	2151	2178	2206	2238	2215	2290	2279	2356	2346	2388
	2486	2477	2562	2562	2562	0	0	0	0	0
	2633	2633	2622	2622	2595	2558	2522	2475	2441	2386
	123	158	197	238	281	327	376	426	477	529
	582	636	691	747	804	861	918	975	1032	1088
	1143	1198	1252	1305	1357	1408	2053	2081	2103	2146
	2180	2215	2195	2279	2266	2346	2388	2377	2477	2477
	2562	2494	0	0	0	0	0	2633	2633	2601
	2601	2563	2524	2472	2434	2376	91	124	159	198
	239	282	328	377	427	478	530	583	637	692
	748	805	862	919	976	1033	1089	1144	1199	1253
	1306	1358	1409	1459	1509	2048	2079	2108	2153	2195
	2179	2266	2258	2296	2377	2375	2440	2494	2494	0
	0	0	0	0	0	2633	2570	2570	2530	2478
	2435	2373	2330	92	125	160	199	240	283	329
	378	428	479	531	584	638	693	749	806	863
	920	977	1034	1090	1145	1200	1254	1307	1359	1410
	1460	1510	1559	2030	2052	2090	2139	2179	2169	2258
	2296	2293	2375	2440	2440	2494	0	0	0	0
	0	0	2560	2541	2541	2490	2444	2380	2331	63
	93	126	161	200	241	284	330	379	429	480
	532	585	639	694	750	807	864	921	978	1035
	1091	1146	1201	1255	1308	1360	1411	1461	1511	1560
	1608	2017	2041	2076	2117	2169	2217	2217	2293	2332
	2332	2341	2341	0	0	0	0	0	0	2560
	2505	2505	2451	2390	2339	2300	64	94	127	162
	201	242	285	331	380	430	481	533	586	640
	695	751	808	865	922	979	1036	1092	1147	1202
	1256	1309	1361	1412	1462	1512	1561	1609	1655	2013
	2032	2068	2059	2104	2164	2220	2263	2341	2341	2341
	0	0	0	0	0	0	2560	2462	2462	2405
	2350	2309	38	65	95	128	163	202	243	286
	332	381	431	482	534	587	641	696	752	809
	866	923	980	1037	1093	1148	1203	1257	1310	1362
	1413	1463	1513	1562	1610	1985	1995	2006	2026	2059
	2104	2164	2220	2263	2272	2272	2341	0	0	0
	0	0	0	2466	2423	2423	2362	2318	2273	39
	66	96	129	164	203	244	287	333	382	432
	483	535	588	642	697	753	810	867	924	981
	1038	1094	1149	1204	1258	1311	1363	1414	1464	1514
	1563	1611	1656	1982	1991	2004	2025	2061	2061	2128
	2183	2272	2272	2272	0	0	0	0	0	0
	2466	2381	2381	2324	2283	2241	40	67	97	130
	165	204	245	288	334	383	433	484	536	589
	643	698	754	811	868	925	982	1039	1095	1150
	1205	1259	1312	1364	1415	1465	1515	1564	1612	1657
	1699	1980	1990	2005	2029	2029	2128	2183	2183	2272
	0	0	0	0	0	0	0	2466	2351	2351
	2303	2252	2203	41	68	98	131	166	205	246
	289	335	384	434	485	537	590	644	699	755
	812	869	926	983	1040	1096	1151	1206	1260	1313
	1365	1416	1466	1516	1565	1613	1658	1700	1975	1981
	1993	2009	2034	2034	2100	2100	0	0	0	0
	0	0	0	0	2379	2321	2321	2277	2230	18
	42	69	99	132	167	206	247	290	336	385
	435	486	538	591	645	700	756	813	870	927
	984	1041	1097	1152	1207	1261	1314	1366	1417	1467
	1517	1566	1614	1659	1701	1740	1976	1983	1996	2015
	2021	2100	2100	0	0	0	0	0	0	0
	0	2379	2299	2299	2244	2191	19	43	70	100
	133	168	207	248	291	337	386	436	487	539
	592	646	701	757	814	871	928	985	1042	1098
	1153	1208	1262	1315	1367	1418	1468	1518	1567	1615
	1660	1702	1741	1778	1977	1986	2001	2021	2037	2037
	2037	0	0	0	0	0	0	0	2379	2276
	2276	2224	2159	20	44	71	101	134	169	208
	249	292	338	387	437	488	540	593	647	702
	758	815	872	929	986	1043	1099	1154	1209	1263
	1316	1368	1419	1469	1519	1568	1616	1661	1703	1742
	1779	1973	1979	1988	1998	2037	2037	2131	2131	0
	0	0	0	0	0	0	2248	2248	2196	2133
	2066	45	72	102	135	170	209	250	293	339
	388	438	489	541	594	648	703	759	816	873
	930	987	1044	1100	1155	1210	1264	1317	1369	1420
	1470	1520	1569	1617	1662	1704	1743	1780	1814	1974
	1984	1998	2019	2019	2131	2131	0	0	0	0
	0	0	2308	2235	2235	2168	2094	21	46	73
	103	136	171	210	251	294	340	389	439	490
	542	595	649	704	760	817	874	931	988	1045
	1101	1156	1211	1265	1318	1370	1421	1471	1521	1570
	1618	1663	1705	1744	1781	1815	1972	1978	1987	2008
	2039	2039	2131	2143	0	0	0	0	0	2308
	2208	2208	2148	2077	22	47	74	104	137	172
	211	252	295	341	390	440	491	543	596	650
	705	761	818	875	932	989	1046	1102	1157	1212
	1266	1319	1371	1422	1472	1522	1571	1619	1664	1706
	1745	1782	1816	1847	1877	1902	1924	1939	2075	2143
	2143	2187	0	0	0	0	2308	2188	2188	2121
	2055	23	48	75	105	138	173	212	253	296
	342	391	441	492	544	597	651	706	762	819
	876	933	990	1047	1103	1158	1213	1267	1320	1372
	1423	1473	1523	1572	1620	1665	1707	1746	1783	1817
	1848	1878	1903	1925	1940	1954	2115	2187	2187	2187
	0	0	0	2229	2174	2174	2099	2044	24	49
	76	106	139	174	213	254	297	343	392	442
	493	545	598	652	707	763	820	877	934	991
	1048	1104	1159	1214	1268	1321	1373	1424	1474	1524
	1573	1621	1666	1708	1747	1784	1818	1849	1879	1904
	1926	1941	1955	2096	2173	2173	2227	0	0	0
	2229	2229	2157	2087	7	25	50	77	107	140
	175	214	255	298	344	393	443	494	546	599
	653	708	764	821	878	935	992	1049	1105	1160
	1215	1269	1322	1374	1425	1475	1525	1574	1622	1667
	1709	1748	1785	1819	1850	1880	1905	1927	1942	1956
	2085	2155	2227	2227	0	0	0	2204	2204	2147
	1	8	26	51	78	108	141	176	215	256
	299	345	394	444	495	547	600	654	709	765
	822	879	936	993	1050	1106	1161	1216	1270	1323
	1375	1426	1476	1526	1575	1623	1668	1710	1749	1786
	1820	1851	1881	1906	1928	1943	1957	2071	2142	2202
	2227	0	0	0	2204	2204	2137	2	9	27
	52	79	109	142	177	216	257	300	346	395
	445	496	548	601	655	710	766	823	880	937
	994	1051	1107	1162	1217	1271	1324	1376	1427	1477
	1527	1576	1624	1669	1711	1750	1787	1821	1852	1882
	1907	1929	1944	1958	2058	2135	2202	2202	0	0
	0	2251	2125	2125	3	10	28	53	80	110
	143	178	217	258	301	347	396	446	497	549
	602	656	711	767	824	881	938	995	1052	1108
	1163	1218	1272	1325	1377	1428	1478	1528	1577	1625
	1670	1712	1751	1788	1822	1853	1883	1908	1930	1945
	1959	2051	2123	2194	2257	2257	0	0	2251	2120
	2120	4	11	29	54	81	111	144	179	218
	259	302	348	397	447	498	550	603	657	712
	768	825	882	939	996	1053	1109	1164	1219	1273
	1326	1378	1429	1479	1529	1578	1626	1671	1713	1752
	1789	1823	1854	1884	1909	1931	1946	1960	2049	2114
	2194	2257	2257	0	0	2251	2111	2111	5	12
	30	55	82	112	145	180	219	260	303	349
	398	448	499	551	604	658	713	769	826	883
	940	997	1054	1110	1165	1220	1274	1327	1379	1430
	1480	1530	1579	1627	1672	1714	1753	1790	1824	1855
	1885	1910	1932	1947	1961	1967	2110	2190	2190	2257
	0	0	2119	2119	2119	6	13	31	56	83
	113	146	181	220	261	304	350	399	449	500
	552	605	659	714	770	827	884	941	998	1055
	1111	1166	1221	1275	1328	1380	1431	1481	1531	1580
	1628	1673	1715	1754	1791	1825	1856	1886	1911	1933
	1948	1962	1968	2113	2193	2193	2313	0	0	2124
	2124	2124	2057	14	32	57	84	114	147	182
	221	262	305	351	400	450	501	553	606	660
	715	771	828	885	942	999	1056	1112	1167	1222
	1276	1329	1381	1432	1482	1532	1581	1629	1674	1716
	1755	1792	1826	1857	1887	1912	1934	1949	1963	1969
	2122	2197	2197	2313	0	0	2136	2136	2136	2063
	15	33	58	85	115	148	183	222	263	306
	352	401	451	502	554	607	661	716	772	829
	886	943	1000	1057	1113	1168	1223	1277	1330	1382
	1433	1483	1533	1582	1630	1675	1717	1756	1793	1827
	1858	1888	1913	1935	1950	1964	1970	2134	2201	2201
	2313	0	0	0	2136	2136	2073	16	34	59
	86	116	149	184	223	264	307	353	402	452
	503	555	608	662	717	773	830	887	944	1001
	1058	1114	1169	1224	1278	1331	1383	1434	1484	1534
	1583	1631	1676	1718	1757	1794	1828	1859	1889	1914
	1936	1951	1965	1971	2141	2210	2210	2210	0	0
	0	2156	2156	2086	17	35	60	87	117	150
	185	224	265	308	354	403	453	504	556	609
	663	718	774	831	888	945	1002	1059	1115	1170
	1225	1279	1332	1384	1435	1485	1535	1584	1632	1677
	1719	1758	1795	1829	1860	1890	1915	1937	1952	1966
	2084	2154	2226	2226	2226	0	0	0	2156	2156
	2098	2043	36	61	88	118	151	186	225	266
	309	355	404	454	505	557	610	664	719	775
	832	889	946	1003	1060	1116	1171	1226	1280	1333
	1385	1436	1486	1536	1585	1633	1678	1720	1759	1796
	1830	1861	1891	1916	1938	1953	2038	2095	2172	2172
	2288	2288	0	0	0	2156	2098	2054	2054	37
	62	89	119	152	187	226	267	310	356	405
	455	506	558	611	665	720	776	833	890	947
	1004	1061	1117	1172	1227	1281	1334	1386	1437	1487
	1537	1586	1634	1679	1721	1760	1797	1831	1862	1892
	1917	1994	2014	2050	2112	2186	2186	2288	2288	0
	0	0	0	0	2054	2024	2024	2002	90	120
	153	188	227	268	311	357	406	456	507	559
	612	666	721	777	834	891	948	1005	1062	1118
	1173	1228	1282	1335	1387	1438	1488	1538	1587	1635
	1680	1722	1761	1798	1832	1863	1893	1918	2000	2023
	2074	2112	2207	2207	2207	0	0	0	0	0
	0	2046	2046	2046	2011	1989	121	154	189	228
	269	312	358	407	457	508	560	613	667	722
	778	835	892	949	1006	1063	1119	1174	1229	1283
	1336	1388	1439	1489	1539	1588	1636	1681	1723	1762
	1799	1833	1864	1894	1919	2007	2040	2093	2166	2231
	2231	0	0	0	0	0	0	0	2065	2065
	2065	2020	1999	122	155	190	229	270	313	359
	408	458	509	561	614	668	723	779	836	893
	950	1007	1064	1120	1175	1230	1284	1337	1389	1440
	1490	1540	1589	1637	1682	1724	1763	1800	1834	1865
	1895	1920	2018	2060	2130	2166	2247	2247	0	0
	0	0	0	0	0	2091	2091	2091	2042	2010
	1992	156	191	230	271	314	360	409	459	510
	562	615	669	724	780	837	894	951	1008	1065
	1121	1176	1231	1285	1338	1390	1441	1491	1541	1590
	1638	1683	1725	1764	1801	1835	1866	1896	1921	2036
	2089	2158	2223	2247	2247	0	0	0	0	0
	0	0	0	2132	2132	2070	2022	2003	157	192
	231	272	315	361	410	460	511	563	616	670
	725	781	838	895	952	1009	1066	1122	1177	1232
	1286	1339	1391	1442	1492	1542	1591	1639	1684	1726
	1765	1802	1836	1867	1897	1922	2067	2129	2189	2223
	2298	2298	2298	0	0	0	0	0	0	0
	2132	2132	2101	2047	2016	1997	193	232	273	316
	362	411	461	512	564	617	671	726	782	839
	896	953	1010	1067	1123	1178	1233	1287	1340	1392
	1443	1493	1543	1592	1640	1685	1727	1766	1803	1837
	1868	1898	1923	2097	2163	2225	2275	2275	2298	2413
	0	0	0	0	0	0	2200	2200	2200	2145
	2083	2035	2012	194	233	274	317	363	412	462
	513	565	618	672	727	783	840	897	954	1011
	1068	1124	1179	1234	1288	1341	1393	1444	1494	1544
	1593	1641	1686	1728	1767	1804	1838	1869	1899	2082
	2140	2199	2249	2249	2349	2349	2413	2413	0	0
	0	0	0	2200	2200	2200	2182	2127	2072	2031
	195	234	275	318	364	413	463	514	566	619
	673	728	784	841	898	955	1012	1069	1125	1180
	1235	1289	1342	1394	1445	1495	1545	1594	1642	1687
	1729	1768	1805	1839	1870	1900	2126	2181	2239	2280
	2280	2382	2382	2413	2413	0	0	0	0	0
	2271	2271	2271	2182	2171	2109	2064	2027	235	276
	319	365	414	464	515	567	620	674	729	785
	842	899	956	1013	1070	1126	1181	1236	1290	1343
	1395	1446	1496	1546	1595	1643	1688	1730	1769	1806
	1840	1871	1901	2170	2228	2270	2317	2317	2422	2422
	2540	2540	0	0	0	0	0	2389	2307	2307
	2221	2221	2161	2105	2062	2028	277	320	366	415
	465	516	568	621	675	730	786	843	900	957
	1014	1071	1127	1182	1237	1291	1344	1396	1447	1497
	1547	1596	1644	1689	1731	1770	1807	1841	1872	2162
	2219	2261	2306	2347	2403	2461	2518	2540	2540	0
	0	0	0	0	2389	2389	2307	2255	2255	2213
	2160	2106	2069	2033	321	367	416	466	517	569
	622	676	731	787	844	901	958	1015	1072	1128
	1183	1238	1292	1345	1397	1448	1498	1548	1597	1645
	1690	1732	1771	1808	1842	1873	2209	2254	2297	2338
	2347	2403	2461	2518	2590	2590	0	0	0	0
	0	2389	2389	2328	2328	2253	2253	2214	2165	2116
	2078	2045	368	417	467	518	570	623	677	732
	788	845	902	959	1016	1073	1129	1184	1239	1293
	1346	1398	1449	1499	1549	1598	1646	1691	1733	1772
	1809	1843	1874	2250	2291	2329	2378	2443	2443	2542
	2542	2590	2590	0	0	0	0	0	2389	2429
	2429	2325	2325	2294	2256	2222	2177	2138	2088	2056
	418	468	519	571	624	678	733	789	846	903
	960	1017	1074	1130	1185	1240	1294	1347	1399	1450
	1500	1550	1599	1647	1692	1734	1773	1810	1844	1875
	2292	2326	2370	2432	2481	2535	2574	2608	2635	2635
	0	0	0	0	0	2429	2429	2429	2372	2372
	2294	2301	2265	2233	2192	2152	2107	2080	469	520
	572	625	679	734	790	847	904	961	1018	1075
	1131	1186	1241	1295	1348	1400	1451	1501	1551	1600
	1648	1693	1735	1774	1811	1845	1876	2334	2374	2430
	2432	2481	2535	2574	2608	2635	2635	0	0	0
	0	0	2523	2523	2523	2433	2433	2383	2301	2310
	2278	2242	2212	2176	2144	2102	521	573	626	680
	735	791	848	905	962	1019	1076	1132	1187	1242
	1296	1349	1401	1452	1502	1552	1601	1649	1694	1736
	1775	1812	1846	2344	2385	2438	2476	2528	2564	2600
	2629	2643	2660	2660	0	0	0	0	0	0
	2523	2523	2482	2482	2383	2392	2310	2320	2289	2264
	2236	2205	2175	2149	574	627	681	736	792	849
	906	963	1020	1077	1133	1188	1243	1297	1350	1402
	1453	1503	1553	1602	1650	1695	1737	1776	1813	2354
	2395	2447	2484	2531	2528	2564	2600	2629	2643	2660
	2660	2679	0	0	0	0	0	2523	2523	2537
	2537	2501	2392	2414	2320	2337	2312	2282	2259	2237
	2211	2184	628	682	737	793	850	907	964	1021
	1078	1134	1189	1244	1298	1351	1403	1454	1504	1554
	1603	1651	1696	1738	1777	2366	2415	2453	2503	2539
	2531	2602	2626	2642	2656	2666	2675	2679	2679	0
	0	0	0	0	2628	2628	2578	2578	2501	2509
	2414	2437	2393	2360	2327	2311	2285	2267	2243	2232
	683	738	794	851	908	965	1022	1079	1135	1190
	1245	1299	1352	1404	1455	1505	1555	1604	1652	1697
	1739	2394	2439	2465	2511	2548	2579	2604	2602	2626
	2642	2656	2666	2675	2675	2679	0	0	0	0
	0	2628	2628	2628	2582	2582	2509	2527	2437	2393
	2360	2391	2361	2336	2319	2302	2281	2269	739	795
	852	909	966	1023	1080	1136	1191	1246	1300	1353
	1405	1456	1506	1556	1605	1653	1698	2424	2458	2499
	2529	2557	2583	2579	2604	2646	2658	2658	2674	2674
	2682	2682	2679	0	0	0	0	0	2661	2661
	2637	2637	2616	2596	2527	2549	2513	2485	2391	2426
	2399	2369	2353	2335	2322	2314	796	853	910	967
	1024	1081	1137	1192	1247	1301	1354	1406	1457	1507
	1557	1606	1654	2456	2488	2517	2550	2576	2598	2617
	2639	2649	2646	2669	2669	2678	2678	2682	2682	2683
	0	0	0	0	0	2661	2661	2651	2651	2616
	2596	2611	2549	2513	2485	2516	2426	2399	2448	2420
	2400	2384	2364	2358	2348	2343	968	1025	1082	1138
	1193	1248	1302	1355	1407	1458	1508	1558	1607	2498
	2519	2546	2568	2589	2613	2598	2617	2639	2649	2649
	2669	2669	2680	2678	2683	2683	2683	0	0	0
	0	0	2661	2661	2651	2665	2647	2647	2611	2607
	2607	2586	2516	2552	2532	2448	2489	2463	2452	2445
	2427	2418	2411	2406	2401	2402	2407	2412	2419	2428
	2446	2454	2464	2492	2510	2534	2553	2572	2588	2588
	2625	2613	2648	2648	2648	2671	2671	2671	2680	2680
	2680	2683	2683	2683	0	0	0	0	0	0
	0	2665	2665	2665	2647	2645	2645	2607	2586	2612
	2552	2532	2489	2489	2463	2452	2445	2427	2418	2411
	2406	2401	2402	2407	2412	2419	2428	2446	2454	2464
	2492	2510	2534	2553	2572	2588	2588	2625	2625	2648
	0	0	0	0	0	0	0	0	0	0
	0	0	0	0	0	0	0	0	2665	2665
	2665	2645	2645	2645	2645	2612	2612	2612	2532	2489
	2489	2463	0	0	0	0	0	0	0	0
	0	0	0	0	0	0	0	0	0	0
	0	0	0	0	0	0	0	0	0	0
	0	0	0	0	0	0	0	0
