17
 626610.00    0.04000    0.80000       0.00
 210380.00    0.09000    0.79800       0.00
  90365.00    0.20000    0.77300       0.00
  36058.00    0.38000    0.95000       0.00
  15849.00    0.69000    0.32100       0.00
  13740.00    0.87000    0.89300       0.00
   6886.50    1.74000    0.81900       0.00
   7943.30    1.97000    0.29500       0.00
   4045.80    3.88000    0.74300       0.00
   2074.90    4.53000    0.30200       0.00
   2084.50    7.69000    0.75500       0.00
    345.14   12.42000    0.33300       0.00
    767.36   18.92000    0.63500       0.00
    289.07   34.99000    0.62800       0.00
     43.55   64.86000    0.92600       0.00
     50.82   70.63000    0.47200       0.00
     23.93  154.88000    0.95000       0.00
17.78
75.100362617 71.559507549 90.009681526
2.8525764746869333
276931593.19761056
0.001
21 -1.0 2.5
10
7
5
10
6
6
0 0

