#  xbin | ybin | Vrms | eVrms | isGoodBin
   0.00000   -0.00000  282.21503    5.22140    1.00000
  -0.05176    0.19319  283.82083    5.47705    1.00000
  -0.24495    0.14142  282.29630    5.18555    1.00000
  -0.19319   -0.05176  284.58887    5.20262    1.00000
  -0.29671    0.33461  282.56003    5.45016    1.00000
  -0.10353    0.38637  280.25650    4.50395    1.00000
  -0.43813    0.08966  272.17429    5.81706    1.00000
  -0.48990    0.28284  257.44339    4.34533    1.00000
  -0.38637   -0.10353  277.88510    5.81031    1.00000
  -0.34848    0.52779  268.56693    4.16107    1.00000
   0.14142    0.24495  280.13809    5.00832    1.00000
   0.08966    0.43813  266.60367    5.87061    1.00000
  -0.15529    0.57956  261.60266    4.90774    1.00000
  -0.54166    0.47603  258.64035    4.49902    1.00000
   0.03789    0.63132  257.42865    5.37040    1.00000
   0.19319    0.05176  288.70502    5.10825    1.00000
  -0.40024    0.72098  237.29686    6.03751    1.00000
  -0.20706    0.77274  237.31290    4.73781    1.00000
  -0.68308    0.23108  253.66130    5.00638    1.00000
  -0.63132    0.03789  262.28079    5.52027    1.00000
  -0.59343    0.66921  245.66019    5.29351    1.00000
  -0.73485    0.42426  253.59831    5.66362    1.00000
  -0.01387    0.82450  237.57410    6.38275    1.00000
   0.28284    0.48990  262.41013    6.66223    1.00000
   0.33461    0.29671  267.96829    6.27734    1.00000
   0.23108    0.68308  251.43037    5.07912    1.00000
  -0.14142   -0.24495  283.39047    4.62204    1.00000
   0.05176   -0.19319  280.32556    5.04434    1.00000
  -0.57956   -0.15529  268.81445    5.01922    1.00000
  -0.33461   -0.29671  285.98605    4.33898    1.00000
   0.24495   -0.14142  289.37445    5.23747    1.00000
   0.38637    0.10353  272.21149    5.16609    1.00000
  -0.08966   -0.43813  289.43921    4.40720    1.00000
   0.10353   -0.38637  285.40326    4.91958    1.00000
  -0.52779   -0.34848  269.16122    4.85707    1.00000
   0.43813   -0.08966  277.83514    5.03231    1.00000
  -0.28284   -0.48990  276.32571    4.61409    1.00000
   0.29671   -0.33461  278.65634    5.31121    1.00000
  -0.82450   -0.01387  260.62866    4.32512    1.00000
  -0.87627    0.17932  257.61304    4.99200    1.00000
  -0.77274   -0.20706  260.51178    4.97894    1.00000
  -0.78661    0.61745  235.23502    6.12019    1.00000
  -0.92803    0.37250  262.20676    5.54969    1.00000
  -0.47603   -0.54166  266.82425    5.79989    1.00000
  -0.72098   -0.40024  254.83714    5.62001    1.00000
  -1.01769   -0.06563  258.65698    4.73776    1.00000
  -0.45200    0.91416  238.45064    4.77464    1.00000
  -1.06945    0.12755  249.64330    4.30343    1.00000
  -0.64519    0.86240  231.11720    6.13417    1.00000
  -0.97980    0.56569  246.54665    7.39597    1.00000
  -0.25882    0.96593  235.95934    5.98481    1.00000
  -0.96593   -0.25882  262.04697    4.05176    1.00000
  -0.83837    0.81063  228.35338    5.07446    1.00000
  -1.12122    0.32074  252.96202    4.62423    1.00000
   0.17932    0.87627  246.62369    6.77214    1.00000
  -0.06563    1.01769  236.85413    5.78859    1.00000
   0.47603    0.54166  253.83853    7.74090    1.00000
   0.52779    0.34848  260.69003    5.59798    1.00000
   0.42426    0.73485  243.52614    5.93625    1.00000
   0.57956    0.15529  258.93811    4.67140    1.00000
  -0.50377    1.10735  240.37990    7.54251    1.00000
  -0.69695    1.05558  216.46498    7.80582    1.00000
  -0.31058    1.15911  251.96080    5.06025    1.00000
  -1.03156    0.75887  230.32414    6.06998    1.00000
   0.12755    1.06945  235.08646    7.61423    1.00000
  -1.17298    0.51392  241.40677    6.70412    1.00000
  -0.89014    1.00382  222.23447    6.15418    1.00000
  -0.11740    1.21087  238.53824    6.35671    1.00000
   0.37250    0.92803  242.08922    6.30564    1.00000
  -1.22474    0.70711  238.18170    7.31359    1.00000
  -1.08332    0.95206  237.02095    6.15532    1.00000
  -0.55553    1.30053  227.02858    7.05734    1.00000
  -1.26264    0.07579  248.05971    8.52107    1.00000
  -0.74872    1.24877  219.31247    8.23369    1.00000
  -1.31440    0.26897  237.16919    7.40155    1.00000
  -0.36235    1.35230  242.16992    5.31319    1.00000
   0.07579    1.26264  219.33005    6.69483    1.00000
   0.32074    1.12122  246.52881    6.32946    1.00000
  -1.03799    1.17126  232.74329    6.48103    1.00000
  -0.07761    1.42859  234.74622    7.30330    1.00000
  -1.36617    0.46216  241.74901    6.03433    1.00000
  -1.21087   -0.11740  272.39734    5.59325    1.00000
  -1.27651    0.90029  225.25517    6.28435    1.00000
  -0.91416   -0.45200  259.89948    4.37014    1.00000
  -1.41793    0.65534  236.54196    5.46586    1.00000
  -1.15911   -0.31058  274.82748    5.88594    1.00000
  -0.66921   -0.59343  262.33206    4.98991    1.00000
  -0.62969    1.57730  236.35910    5.36886    1.00000
  -0.82202    1.52234  228.55890    6.82458    1.00000
  -0.43680    1.63015  232.80159    5.71367    1.00000
  -1.01684    1.47666  228.12314    6.52500    1.00000
  -1.35073    1.17727  240.82751    7.29418    1.00000
  -1.49267    0.93429  233.05783    5.90308    1.00000
  -1.20950    1.42295  234.38504    6.75278    1.00000
  -1.50759    0.21721  236.39108    8.81961    1.00000
  -1.55935    0.41039  243.47530    5.24707    1.00000
  -1.45582    0.02402  246.01009    8.72050    1.00000
  -1.61112    0.60358  229.67419    7.85386    1.00000
  -0.24355    1.68168  225.08298    8.49067    1.00000
   0.24704    1.39625  232.04742    5.84419    1.00000
   0.61745    0.78661  233.61420    6.81338    1.00000
   0.56569    0.97980  243.22040    6.63438    1.00000
  -0.05000    1.73208  220.64232    7.74986    1.00000
   0.51392    1.17298  238.79367    5.59695    1.00000
   0.66921    0.59343  243.23050    5.13428    1.00000
   0.44025    1.44792  229.48634    6.45284    1.00000
   0.72098    0.40024  254.52417    5.39333    1.00000
  -1.68572    0.88203  244.14760    4.94524    1.00000
  -1.40406   -0.16916  264.95618    5.26450    1.00000
   0.14402    1.78074  224.48959    8.15896    1.00000
  -1.59575    1.31897  216.90456    6.68614    1.00000
  -0.80616    1.85454  220.21085    6.66732    1.00000
  -1.45419    1.56339  228.21707    8.03138    1.00000
  -1.18820    1.75218  224.44649    6.83825    1.00000
  -0.42675    1.95621  224.08101    6.73902    1.00000
  -1.75254    0.35863  242.99248    6.68230    1.00000
  -1.89477    0.52757  238.19968    5.50609    1.00000
  -1.70077    0.16545  245.80655    7.37928    1.00000
  -1.78982    1.27052  230.38716    6.79061    1.00000
  -1.87967    0.83309  243.69708    4.86101    1.00000
  -1.64901   -0.02774  235.96700    6.03273    1.00000
  -1.35230   -0.36235  269.23465    6.09244    1.00000
  -1.10735   -0.50377  256.80701    6.75379    1.00000
  -1.59725   -0.22093  240.87434    5.07864    1.00000
  -0.86240   -0.64519  250.19113    5.53438    1.00000
  -0.90359    2.09624  229.63470    6.36438    1.00000
  -1.28543    1.99095  223.36540    6.85741    1.00000
  -1.77514    1.59490  222.93828    6.71006    1.00000
  -1.98243    1.21659  223.95172    9.20566    1.00000
  -1.94572    0.30687  250.82487    5.41326    1.00000
  -0.51505    2.19516  200.92755    8.25622    1.00000
  -0.03744    2.06052  222.82265    6.88287    1.00000
  -1.62604    1.97041  200.66010   10.43410    1.00000
  -2.07245    0.77983  237.50748    5.25826    1.00000
  -1.89396    0.11368  265.18402    5.28990    1.00000
   0.33545    1.83903  219.37390    7.32009    1.00000
  -1.29217    2.26546  207.10292    6.39630    1.00000
  -1.86786    1.83751  211.74225    6.89374    1.00000
  -0.90826    2.36926  210.34579    8.87000    1.00000
  -0.13323    2.30449  218.79042    6.65304    1.00000
   0.70711    1.22474  224.27562    9.27310    1.00000
   0.63322    1.50050  241.15051    7.73140    1.00000
   0.75887    1.03156  221.41261    8.22344    1.00000
  -0.51782    2.47469  187.16548    7.61283    1.00000
  -2.17614    1.16681  224.82693    6.95125    1.00000
  -2.20189    1.54123  227.25908    6.43702    1.00000
   0.52829    1.89210  229.28516    7.30341    1.00000
   0.30321    2.21286  241.54880    7.42442    1.00000
   0.81063    0.83837  237.03273    7.13966    1.00000
  -1.84219   -0.07950  255.68321    5.05255    1.00000
   0.86240    0.64519  245.87807    6.86373    1.00000
  -1.75547    2.31959  200.82629    8.48798    1.00000
  -2.26587    0.72894  239.08690    5.99737    1.00000
  -2.20392    1.81281  221.85286    5.06586    1.00000
  -2.16354    0.34702  258.83301    4.92184    1.00000
  -2.36922    1.11462  224.73569    6.63930    1.00000
  -1.54548   -0.41411  246.13953    5.76515    1.00000
  -2.06179   -0.03271  239.57042    5.15108    1.00000
  -1.79043   -0.27269  243.52995    4.64797    1.00000
  -1.30053   -0.55553  257.90765    6.42307    1.00000
  -1.42867    2.61255  216.38655    7.81090    1.00000
  -1.04101    2.71642  212.60855    7.27963    1.00000
  -0.01642    2.60628  193.10112   11.69401    1.00000
  -0.38075    2.71736  208.01302   11.99774    1.00000
  -0.72792    2.89692  227.60905    5.64778    1.00000
  -2.10690    2.19169  198.14380    9.19388    1.00000
  -2.05951    2.64749  207.78635   10.87580    1.00000
  -2.52913    1.45568  232.08563    4.74094    1.00000
  -2.45943    0.67857  249.28615    6.66291    1.00000
  -2.56201    1.06139  214.25931   11.93464    1.00000
  -2.35656    0.29466  250.63841    4.69687    1.00000
   0.26101    2.61698  204.54495    6.65540    1.00000
  -1.73998    2.82955  211.39220    7.79217    1.00000
   0.88721    1.68711  232.13618    5.84049    1.00000
   0.93653    1.49327  243.82002    7.83483    1.00000
   0.50491    2.47612  222.85399    6.44667    1.00000
   0.72168    1.94310  206.95943   11.22397    1.00000
   0.98974    1.30048  248.17708    5.68718    1.00000
   1.03945    1.10674  235.36050    6.50618    1.00000
   0.74883    2.33413  204.61043   10.96998    1.00000
  -0.07349    2.97688  191.66156   21.97472    1.00000
  -0.43077    3.14073  205.65233    8.91389    1.00000
  -1.17662    3.14603  219.29070    8.15032    1.00000
  -1.50470    3.09822  202.65984    8.75541    1.00000
  -2.38754    2.40677  193.76172   11.63631    1.00000
  -2.52315    1.94149  213.95679    6.50825    1.00000
   0.96117    2.03749  215.13803    9.38200    1.00000
   1.00382    0.89014  235.21317    9.29456    1.00000
  -2.81547    1.61812  239.96823    4.86241    1.00000
   0.31011    3.07767  204.12589    8.47374    1.00000
  -1.01262    3.48677  217.10896    6.95563    1.00000
  -2.19759    2.97658  187.86285   13.19821    1.00000
  -0.64469    3.50084  223.32159    5.23682    1.00000
   0.63209    2.84354  216.08675    9.41810    1.00000
  -1.50462    3.66171  200.73514   10.96389    1.00000
  -2.70550    2.65145  191.30380   10.83570    1.00000
  -2.82432    2.16527  221.64372    5.25557    1.00000
  -1.84158    3.28241  199.06781   15.70913    1.00000
  -0.04025    3.46164  214.31834    7.75291    1.00000
  -0.35973    3.79206  215.27805    7.48342    1.00000
  -3.13281    1.83801  224.72562    5.51729    1.00000
  -2.89517    1.01211  237.77638    6.67310    1.00000
  -2.97387    1.33403  206.77945    6.64541    1.00000
  -2.70459    0.82076  223.10269    7.33358    1.00000
  -2.71921    0.51372  232.44225    8.56228    1.00000
  -2.66463    0.32129  249.06610    4.83127    1.00000
  -2.25547   -0.08261  241.44778    4.38811    1.00000
  -0.73148    4.06012  201.15385   18.42251    1.00000
   1.09690    2.45983  217.54114    6.71174    1.00000
   1.23604    2.04888  208.99371   13.04170    1.00000
   0.97225    2.80729  219.98335    7.13188    1.00000
   1.27422    1.79081  222.07100    8.79912    1.00000
   0.37288    3.56583  195.62415   10.68564    1.00000
   0.76803    3.30207  204.61247    9.04248    1.00000
   1.32489    1.59734  231.94920    7.77509    1.00000
   1.37283    1.40313  234.13521    7.97042    1.00000
   1.05558    0.69695  244.92142    6.10093    1.00000
   0.91416    0.45200  243.72221    5.90994    1.00000
   1.19700    0.94190  242.09381    7.88027    1.00000
  -0.00992    4.05186  196.59866   15.97653    1.00000
   0.77274    0.20706  259.64780    5.00747    1.00000
   1.42645    1.21044  232.27814    6.43753    1.00000
   1.13760    3.09443  220.51236   10.00285    1.00000
   1.10735    0.50377  236.13185    6.23222    1.00000
   1.24877    0.74872  243.12302    6.44207    1.00000
   0.63132   -0.03789  264.83444    5.31496    1.00000
   0.96593    0.25882  252.15491    6.20629    1.00000
   1.47778    1.01714  227.71854    6.48745    1.00000
   1.54477    2.20495  214.34665    6.74076    1.00000
   1.48368    2.56190  196.89749   12.12679    1.00000
   1.66731    1.75300  206.64859    7.18244    1.00000
   1.49219    2.93363  217.23349    7.80886    1.00000
   0.82450    0.01387  260.35651    5.98626    1.00000
   1.30053    0.55553  229.21463    7.02436    1.00000
   1.52470    0.82265  229.81281    5.68677    1.00000
   1.15911    0.31058  231.99379    6.89818    1.00000
   0.48990   -0.28284  283.32394    4.79666    1.00000
   0.59658    3.93073  203.69936    9.13755    1.00000
   1.02911    3.70401  207.26808    8.98384    1.00000
   1.70259    1.37325  207.06291    8.39211    1.00000
   1.81722    2.20684  234.37225    8.65922    1.00000
   1.01769    0.06563  254.29758    6.79181    1.00000
   1.91026    1.88576  224.96175    8.91535    1.00000
   1.34670    3.45626  188.72099   23.55634    1.00000
   1.49372    0.60730  232.53419    8.30349    1.00000
   0.68308   -0.23108  275.78030    4.49710    1.00000
   1.35230    0.36235  237.36168    6.78530    1.00000
   1.80306    0.99831  229.76454    7.52031    1.00000
   1.89498    1.42797  201.40005    6.57094    1.00000
   1.21087    0.11740  239.25731    7.83502    1.00000
   0.87627   -0.17932  257.24051    5.57085    1.00000
   1.91806    2.70429  204.75641    6.56815    1.00000
  -0.12067    4.46443  199.46980    7.36972    1.00000
   1.71459    0.55574  228.55479    6.31801    1.00000
   1.54548    0.41411  241.58273    7.34472    1.00000
   0.15529   -0.57956  276.45889    5.56222    1.00000
  -0.03789   -0.63132  269.82037    5.22433    1.00000
   0.34848   -0.52779  269.87125    5.10657    1.00000
   1.06945   -0.12755  242.92099    6.46641    1.00000
   1.75585    3.18768  246.64276    5.89934    1.00000
   1.40406    0.16916  253.38068    6.34903    1.00000
   0.54166   -0.47603  266.26398    4.40684    1.00000
  -0.23108   -0.68308  258.86005    5.33426    1.00000
   0.47901    4.36883  201.09633    9.69542    1.00000
   1.99739    1.04579  222.92279    5.61089    1.00000
   2.13411    1.52910  225.55289    9.98407    1.00000
   2.16681    2.33682  205.59116    6.59067    1.00000
   0.73485   -0.42426  268.05243    4.97432    1.00000
   1.26264   -0.07579  247.05676    7.27309    1.00000
   1.90862    0.60435  234.89006    7.43436    1.00000
   2.24619    1.90905  209.56453   12.92926    1.00000
   1.59725    0.22093  236.97852    6.47484    1.00000
   1.07961    4.23457  211.40965    8.44510    1.00000
   1.66243    3.78090  208.20195    8.67046    1.00000
   2.25507    1.22541  221.16911    7.83882    1.00000
   0.92803   -0.37250  264.08749    4.11045    1.00000
   2.39254    2.68521  211.81920   10.61793    1.00000
   1.45582   -0.02402  250.99686    5.54748    1.00000
   2.10089    0.65953  234.83131    6.80244    1.00000
   2.20037    3.28749  199.19992   14.82266    1.00000
   2.48830    2.10484  211.33810    8.57149    1.00000
   2.40995    1.53617  220.24646    8.77041    1.00000
   2.30573    1.03193  222.74150    5.19069    1.00000
   1.79043    0.27269  238.82735    6.72686    1.00000
   1.12122   -0.32074  265.21970    5.58707    1.00000
   1.64901    0.02774  240.28825    5.69600    1.00000
   1.31440   -0.26897  260.48795    5.89445    1.00000
  -0.42426   -0.73485  249.97366    5.58773    1.00000
   2.35424    0.83787  238.82513    6.86531    1.00000
   2.00943    0.22812  251.19206    4.97780    1.00000
   0.59343   -0.66921  254.71434    5.21178    1.00000
   0.40024   -0.72098  254.04660    5.76145    1.00000
   0.78661   -0.61745  241.21710    4.71191    1.00000
   0.20706   -0.77274  249.97255    6.81658    1.00000
   1.50759   -0.21721  236.26482    5.05412    1.00000
   2.81007    2.39432  196.40759   13.95049    1.00000
   1.84219    0.07950  251.70358    5.58238    1.00000
   0.97980   -0.56569  253.46350    4.92907    1.00000
   0.01387   -0.82450  250.14363    5.84292    1.00000
  -0.61745   -0.78661  261.89551    7.09501    1.00000
   1.17298   -0.51392  247.48990    4.32489    1.00000
  -1.05558   -0.69695  239.56311    5.57310    1.00000
   1.70077   -0.16545  241.40852    5.43406    1.00000
   2.66618    1.22834  235.26863    6.78119    1.00000
   2.20228    0.28114  257.98187    5.08169    1.00000
   2.40648    0.64481  216.79623    7.91507    1.00000
  -0.17932   -0.87627  242.57541    8.11157    1.00000
   1.36617   -0.46216  248.39204    5.88166    1.00000
   2.75760    1.66694  211.44348   12.00612    1.00000
  -0.81063   -0.83837  245.49881    7.30641    1.00000
   1.89396   -0.11368  251.15590    5.15530    1.00000
  -0.37250   -0.92803  239.77773    5.74134    1.00000
   1.55935   -0.41039  232.34741    6.32644    1.00000
   0.64519   -0.86240  249.55861    7.21306    1.00000
   0.45200   -0.91416  238.69269    7.80974    1.00000
   0.83837   -0.81063  231.34874    6.65092    1.00000
   0.25882   -0.96593  241.51122    5.43749    1.00000
   1.03156   -0.75887  243.14157    6.52793    1.00000
  -1.49372   -0.60730  258.68787    6.19795    1.00000
   2.45710    0.45132  236.13943    7.75716    1.00000
  -1.24877   -0.74872  247.53836    7.23684    1.00000
  -1.73867   -0.46587  225.00903    5.50595    1.00000
   0.06563   -1.01769  253.39313    5.13431    1.00000
   1.22474   -0.70711  249.76682    7.52125    1.00000
  -0.56569   -0.97980  240.20145    6.18919    1.00000
   1.75254   -0.35863  244.57123    5.65169    1.00000
  -1.00382   -0.89014  233.45641    5.92688    1.00000
   2.11211   -0.15510  230.45308    7.46715    1.00000
  -0.12755   -1.06945  245.00061    6.40400    1.00000
   1.41793   -0.65534  229.14558    6.56481    1.00000
   3.01319    1.35344  224.67068    9.44508    1.00000
   2.68002    0.81640  234.69112    6.41060    1.00000
   2.95211    2.02849  191.69156    7.97741    1.00000
   1.97029   -0.39855  249.46620    5.34346    1.00000
   1.61112   -0.60358  233.49915    6.86038    1.00000
   2.51056    0.25859  237.13116    6.66229    1.00000
  -1.98362   -0.32445  235.89838    6.68337    1.00000
  -0.75887   -1.03156  228.03137    6.53982    1.00000
   2.30602   -0.10603  235.18173    6.73122    1.00000
   0.69695   -1.05558  247.46565    5.91419    1.00000
  -0.32074   -1.12122  250.45886    5.55781    1.00000
   0.89014   -1.00382  236.71477    7.61229    1.00000
   0.50377   -1.10735  229.87570    6.77784    1.00000
   1.08332   -0.95206  235.52667    5.56421    1.00000
   0.31058   -1.15911  227.38287    6.69126    1.00000
   1.80430   -0.55182  244.37222    6.15372    1.00000
   1.27651   -0.90029  243.50206    5.80428    1.00000
  -1.44195   -0.80048  242.48080    8.14314    1.00000
  -1.19700   -0.94190  210.49854   10.09594    1.00000
  -1.66154   -0.75373  229.32701    6.52891    1.00000
   0.11740   -1.21087  228.23422    6.55740    1.00000
  -0.51392   -1.17298  250.03255    6.20330    1.00000
   1.46969   -0.84853  240.49817    5.73292    1.00000
  -0.95206   -1.08332  229.04237    7.74675    1.00000
  -1.90828   -0.60560  230.78061    6.41592    1.00000
  -0.07579   -1.26264  233.76727    6.15506    1.00000
   2.92259    0.91580  249.90218    6.32360    1.00000
   2.56413    0.06589  240.14197    6.49306    1.00000
   1.68558   -0.88149  220.07066   10.40186    1.00000
   2.78325    0.43115  236.92108    6.30378    1.00000
  -0.70711   -1.22474  231.71349    6.56342    1.00000
  -2.61144    0.12849  248.59195    4.49213    1.00000
  -0.26897   -1.31440  228.77083    7.87592    1.00000
   0.74872   -1.24877  236.06805    6.95566    1.00000
   0.94190   -1.19700  236.87097    6.89286    1.00000
   0.55553   -1.30053  228.08812   10.92104    1.00000
  -1.47876   -1.01740  223.27834    5.68546    1.00000
  -2.15199   -0.46881  240.92596    4.04691    1.00000
   1.22900   -1.12008  240.37503    4.45990    1.00000
   0.36235   -1.35230  242.92336    6.21585    1.00000
  -1.12248   -1.22004  222.18150    9.76849    1.00000
   1.94478   -0.72123  244.01582    5.75441    1.00000
   2.28320   -0.42349  239.54773    7.86143    1.00000
   0.16916   -1.40406  217.53262   10.12060    1.00000
  -0.46216   -1.36617  240.42636    6.14767    1.00000
  -2.56224   -0.06538  244.77168    6.07941    1.00000
  -0.87652   -1.36524  231.61417    6.29980    1.00000
   1.54521   -1.13037  232.03264    7.39029    1.00000
  -0.02402   -1.45582  220.34270    8.61580    1.00000
   2.61619   -0.12721  238.44041    7.13481    1.00000
  -2.51135   -0.25880  240.52945    6.17735    1.00000
  -0.63355   -1.49925  234.16457    6.72061    1.00000
  -2.96509    0.65489  233.85825    7.53541    1.00000
  -1.42441   -1.20989  233.52312    6.94701    1.00000
  -0.30601   -1.53138  220.59406    7.21646    1.00000
  -1.80407   -0.99452  237.53151    6.67153    1.00000
   0.82324   -1.52688  227.69810    7.52320    1.00000
   0.63084   -1.58158  223.61526    9.52559    1.00000
   1.01619   -1.47426  232.73438    5.51317    1.00000
   0.43733   -1.63212  241.51457    6.58811    1.00000
   1.20968   -1.42363  235.26151    5.40401    1.00000
   2.00103   -0.91321  236.45496    8.59581    1.00000
   2.26656   -0.73150  238.56941    7.99713    1.00000
   2.97598    0.48459  241.97195    7.39278    1.00000
   1.40309   -1.37271  226.59502    8.29677    1.00000
   0.24216   -1.67651  239.55878    5.94410    1.00000
   3.23598    1.69032  211.63158    8.03181    1.00000
  -2.04774   -0.85786  242.13185    6.29532    1.00000
  -2.45675   -0.45123  243.19313    5.11489    1.00000
   0.04918   -1.72904  209.19466    8.62124    1.00000
   2.66755   -0.32051  233.21121    6.72465    1.00000
   2.88587    0.04814  236.05089    7.35576    1.00000
   3.16670    0.76936  237.40033    6.44963    1.00000
   2.45965   -0.67939  230.62233    7.44664    1.00000
   1.71132   -1.30737  226.41908    8.12965    1.00000
   3.24202    1.17359  242.11119    8.16573    1.00000
  -0.14272   -1.78559  211.22781   10.24429    1.00000
  -1.37678   -1.40418  217.67184    7.16514    1.00000
   2.05415   -1.10603  223.61980    8.81503    1.00000
  -1.01890   -1.60661  205.01714   10.85726    1.00000
  -2.40634   -0.64478  242.01712    5.07547    1.00000
  -0.33522   -1.83990  240.15138    5.91530    1.00000
  -0.77310   -1.75120  226.59506    7.08496    1.00000
   2.72035   -0.51341  235.13452    7.70636    1.00000
   3.07969    0.09755  241.72815    5.97967    1.00000
   3.27236    0.39180  231.15590    7.41642    1.00000
  -0.52787   -1.89367  225.33160    7.36252    1.00000
  -1.32856   -1.59832  234.64825    5.78557    1.00000
  -1.69976   -1.38381  228.69498    8.03459    1.00000
  -2.35285   -0.83750  231.50763    5.49035    1.00000
   2.37011   -1.11797  226.87140    5.49745    1.00000
   0.80650   -1.85445  234.59836    6.72734    1.00000
   1.19169   -1.75124  235.65775    6.26601    1.00000
   3.05510   -0.21667  235.36987    7.68951    1.00000
   2.20006   -1.35426  229.82657    8.10721    1.00000
  -1.94483   -1.24195  235.44414    7.94812    1.00000
   0.42495   -1.95669  218.80348    7.97414    1.00000
   2.77276   -0.70643  252.15395    7.75034    1.00000
   1.60003   -1.73425  222.04500   10.68883    1.00000
   3.44217    0.77743  227.66113    7.87790    1.00000
   2.56322   -1.06592  219.76970    7.67359    1.00000
   0.03553   -2.06103  238.82002    9.48013    1.00000
   1.98748   -1.63396  197.42937   12.55219    1.00000
  -2.30142   -1.03077  225.46675    6.82277    1.00000
  -1.27370   -1.79067  225.25194    6.56691    1.00000
   3.03948   -0.52514  242.22540    6.84071    1.00000
  -3.10824    0.40948  231.38391    5.66483    1.00000
  -2.93703    0.14278  224.42918    7.76262    1.00000
  -0.91387   -1.99856  219.64780    7.09767    1.00000
   0.85726   -2.04791  217.55725    8.51385    1.00000
   1.19210   -2.03730  213.93861   11.68565    1.00000
  -2.83377   -0.24258  247.32574    4.70696    1.00000
  -3.20708    0.92586  239.50885    6.37828    1.00000
  -2.25463   -1.22529  232.34079    7.13437    1.00000
   0.47596   -2.15007  214.01163   10.63122    1.00000
  -0.67035   -2.13467  223.70827    5.18267    1.00000
  -0.34729   -2.16361  231.44728    7.68935    1.00000
   2.82322   -0.89996  233.53368    8.27872    1.00000
  -1.59838   -1.76218  228.79126    7.85836    1.00000
   3.37546    0.00824  230.28928    6.79263    1.00000
  -1.21941   -1.98318  222.26329    6.88816    1.00000
  -1.95362   -1.55875  230.38371    7.95358    1.00000
  -2.73240   -0.62091  218.86444   10.54651    1.00000
   0.08881   -2.25381  233.95558    7.33606    1.00000
  -2.19817   -1.41722  234.46432    8.24605    1.00000
  -3.30225    1.24764  220.89104    9.52604    1.00000
   3.57757    0.27208  238.71207    6.50297    1.00000
   3.28680   -0.42868  226.51013    6.54227    1.00000
   2.53044   -1.45577  248.86743    5.45000    1.00000
   0.92236   -2.25554  222.84283    6.12321    1.00000
   2.86344   -1.15995  228.69151    6.30871    1.00000
   0.56945   -2.39252  220.52699    6.79156    1.00000
  -0.25406   -2.40695  239.16756    8.30876    1.00000
  -1.86189   -1.80348  235.82582    5.88822    1.00000
  -1.18422   -2.24223  226.62683    7.41836    1.00000
  -2.62779   -1.01132  218.85207    9.58436    1.00000
  -3.13057    0.09233  228.71463    6.40480    1.00000
  -3.02799   -0.29051  247.03300    5.84377    1.00000
  -3.34744    0.68102  237.45227    5.68842    1.00000
   0.32898   -2.52769  222.32663    7.67143    1.00000
  -0.93980   -2.38342  234.93282    5.81772    1.00000
   2.27783   -1.79869  200.96640   10.13526    1.00000
   0.01458   -2.60840  219.06807    7.31879    1.00000
  -1.54472   -2.20190  198.01279   13.65469    1.00000
  -2.92399   -0.67865  226.13550    5.91041    1.00000
   1.98023   -2.05740  229.74046    7.28834    1.00000
  -0.63781   -2.51262  213.85358    6.18282    1.00000
   3.21171   -0.92891  236.92618    7.96364    1.00000
   0.83791   -2.59476  213.45561   10.19955    1.00000
   1.47043   -2.39083  213.76970   11.72230    1.00000
   3.76023    0.61954  233.94173    5.94808    1.00000
   3.77379    1.23189  229.56883    8.74306    1.00000
   3.62061   -0.13762  235.38690   13.88209    1.00000
   2.83336   -1.58088  240.29488    7.90747    1.00000
  -0.37057   -2.71224  233.51778    7.69820    1.00000
  -2.58708   -1.50543  215.10764    6.10197    1.00000
  -2.31961   -1.75515  229.11394    6.44207    1.00000
   3.44925   -0.79351  241.12830    6.72447    1.00000
  -1.82088   -2.20613  218.73917    9.96224    1.00000
   3.10810   -1.30452  238.58951    5.54962    1.00000
   3.59095   -0.54883  239.33888    7.46954    1.00000
   2.63447   -1.84154  224.55110    8.56552    1.00000
   1.11051   -2.84510  215.62540   14.94209    1.00000
  -2.06312   -2.06186  239.87044    6.48812    1.00000
  -2.87163   -1.10639  228.77971    7.25963    1.00000
   0.42274   -2.84473  233.30798    9.15143    1.00000
   2.33826   -2.16141  238.72685    7.05006    1.00000
   1.96532   -2.43595  197.64400   10.21762    1.00000
  -0.77916   -2.75697  224.21069    6.77294    1.00000
  -1.46052   -2.52664  205.84920    8.54136    1.00000
  -3.27144   -0.15466  245.82349    6.65865    1.00000
  -3.23800   -0.52317  231.91907    5.20509    1.00000
  -3.37529    0.23289  253.14931    5.31770    1.00000
  -1.19366   -2.72635  217.32448    6.99724    1.00000
   0.03597   -2.95023  209.55083   16.50507    1.00000
  -2.85074   -1.44827  203.31116    9.21705    1.00000
  -3.44437    1.65958  214.91650    7.97857    1.00000
  -3.15532   -0.94586  224.64722    5.84360    1.00000
  -3.24425    2.30625  210.02036   10.13342    1.00000
  -3.56025    0.42640  230.57799    5.52355    1.00000
  -2.43326   -2.09784  225.32173    8.57713    1.00000
  -3.60599    1.37310  244.31419    7.47389    1.00000
  -3.64920    1.01704  214.92760    6.26345    1.00000
  -3.57696   -0.27228  230.13692    7.50336    1.00000
  -3.58546    0.00436  241.10423    6.31142    1.00000
  -2.87262   -1.89730  215.73645    8.20384    1.00000
  -3.49022   -0.66531  238.25937    5.08384    1.00000
   0.66596   -2.98764  222.66016    8.38201    1.00000
  -0.31052   -3.07684  223.84352    7.23269    1.00000
   1.47547   -2.80454  216.66443    8.02608    1.00000
  -0.94131   -3.04227  221.12016    9.20356    1.00000
  -1.97312   -2.58027  226.60402    8.85547    1.00000
  -3.63815   -1.14374  232.58337    9.10372    1.00000
  -1.62535   -2.86903  221.78026    7.55173    1.00000
   0.23357   -3.19217  220.27069    6.17695    1.00000
   1.83592   -2.80198  212.45863    7.59519    1.00000
  -2.57748   -2.51285  209.96846    7.41746    1.00000
  -3.27622   -1.51074  233.56288    7.75417    1.00000
  -3.81767    0.73308  241.69162    4.78917    1.00000
  -3.64687    1.87458  229.51852    6.62118    1.00000
  -0.64179   -3.30105  190.43924   11.75449    1.00000
  -3.86742    0.27465  227.92700    5.82151    1.00000
   0.94962   -3.15434  222.89957    9.19854    1.00000
  -1.32913   -3.14411  218.79826    8.54086    1.00000
   1.54188   -3.17150  217.40483    8.38068    1.00000
   2.24915   -2.60071  222.25418    9.85924    1.00000
   2.93821   -1.96649  184.77571   11.12045    1.00000
  -2.09581   -3.05734  205.43855    8.23846    1.00000
   2.73755   -2.22988  212.06024    8.67837    1.00000
   3.38337   -1.29707  243.78751    7.42624    1.00000
   3.24788   -1.71098  230.22754    7.32515    1.00000
  -0.20571   -3.46724  228.87000    7.94127    1.00000
   2.60879   -2.59940  211.96040    6.92148    1.00000
   0.61389   -3.45236  236.47621   11.00754    1.00000
   1.26756   -3.37454  220.67438    9.24316    1.00000
   3.91439    0.34570  236.13310    5.02737    1.00000
   3.86566   -0.27543  230.54681    7.70288    1.00000
   0.22749   -3.55432  219.41042    8.19023    1.00000
  -1.09339   -3.47609  221.56242    7.70963    1.00000
  -1.74264   -3.50529  217.98334   16.81658    1.00000
  -3.97940   -0.58618  247.52968    6.66105    1.00000
  -3.96462   -0.13616  233.48425    6.58016    1.00000
  -3.97096    1.36924  209.00711    6.90357    1.00000
  -0.83205   -3.84090  220.66777    8.13716    1.00000
   2.16018   -3.03990  211.59790    8.45611    1.00000
   0.98051   -3.66120  225.29117    7.54543    1.00000
   3.71861   -1.00418  244.95699    7.70981    1.00000
   3.05040   -2.43838  200.13303   11.91303    1.00000
  -0.33548   -3.84643  208.32826    9.40613    1.00000
   1.85580   -3.38409  200.25583   10.60240    1.00000
  -1.37074   -3.83206  186.89612   11.28015    1.00000
   2.55735   -3.06822  210.59615    6.84902    1.00000
   3.61041   -1.64825  217.39441    9.60683    1.00000
   4.08673   -0.00205  236.89169    6.75256    1.00000
   3.35400   -2.09739  208.65128   23.33025    1.00000
   0.10034   -3.93592  200.78580   15.80174    1.00000
   3.78056   -1.36232  227.54735    6.64975    1.00000
   4.26575    0.55218  218.62099   15.35611    1.00000
   4.00833   -0.68116  236.98265    5.36620    1.00000
   0.52506   -3.89062  225.11038    7.19449    1.00000
   1.65962   -3.68347  196.20027    8.36976    1.00000
   4.17066   -0.39408  249.03482    6.11967    1.00000
   2.95433   -2.92126  232.46330    5.93861    1.00000
  -4.12440    0.47630  241.27968    6.63664    1.00000
   2.32954   -3.50140  216.89363    8.32892    1.00000
   4.11156   -1.06761  224.01558    6.10062    1.00000
   3.73971   -1.99581  224.58557    8.25643    1.00000
   1.37441   -3.96398  204.91226    9.78621    1.00000
   0.91690   -4.18975  232.40846    6.61774    1.00000
   3.48926   -2.53004  204.34502   11.47787    1.00000
   3.37634   -2.94229  221.95845   12.28322    1.00000
   1.93643   -3.96607  216.05310   11.79342    1.00000
   3.00596   -3.48244  193.31432   12.60871    1.00000
   4.13051   -1.52974  220.69528    9.20698    1.00000
  -0.60968   -4.29014  203.49486   10.46890    1.00000
  -1.13633   -4.41037  227.36780    7.81861    1.00000
  -0.13188   -4.29513  203.22777    8.17181    1.00000
   0.41940   -4.42915  226.09384    6.66336    1.00000
   4.42953   -0.25320  246.07054    5.77258    1.00000
   4.44743   -0.77142  234.85558    7.80430    1.00000
   3.85500   -2.43181  178.42557   14.90144    1.00000
   4.12749   -1.89126  219.95253    8.57554    1.00000
   4.75833    0.06676  238.52353    9.14583    1.00000
   4.47843   -1.27752  220.20813    6.08261    1.00000
   1.50294   -4.42713  219.83194    8.02310    1.00000
   4.75267   -0.92242  236.69409    7.38750    1.00000
  -4.18628    0.97546  220.68314    6.36279    1.00000
   4.28767   -2.27754  220.59795    7.24367    1.00000
   4.77457   -0.47806  229.96869    7.33138    1.00000
   4.51284   -1.78771  200.74013   13.16776    1.00000
   0.85307   -4.80241  209.51396    6.50192    1.00000
  -0.17921   -4.74757  192.09778   13.86569    1.00000
  -0.70317   -5.03995  187.19464   13.10679    1.00000
   0.30950   -4.98239  200.92763   15.83194    1.00000
  -4.23552    0.20830  232.19238    5.48203    1.00000
  -4.43455    0.77497  244.29729    5.81002    1.00000
  -4.53518   -0.04780  231.78740    7.36808    1.00000
  -4.32946    1.39857  219.85179    6.96719    1.00000
   4.85026   -1.49225  233.51572    8.05077    1.00000
   4.84920   -1.96385  221.43311    6.00781    1.00000
   5.07406   -1.15358  227.77763    6.40660    1.00000
   0.02211   -5.49012  194.67506   31.95145    1.00000
   5.41613   -0.85056  215.05058    8.66608    1.00000
   0.84215    4.82164  207.33699   15.20601    1.00000
   0.33306    4.82994  205.84067    9.86567    1.00000
  -4.76928    1.19220  216.62572    8.28711    1.00000
  -4.89136    0.60428  238.94948    5.59605    1.00000
   5.20601   -1.61232  221.03732    7.36745    1.00000
